Trials:  6400000.0
Dimension test
a:  0
P =
[[0.50198203 0.84567125 0.50032875 0.84713422 0.85111984]
 [0.84567125 0.50032875 0.15630391 0.85111984 0.84679625]
 [0.50032875 0.15630391 0.50295953 0.84679625 0.84236641]
 [0.15630391 0.50295953 0.84534203 0.84236641 0.84794625]
 [1.         1.         1.         1.         1.        ]]
Adj(P) =
[[ 2.53984617e-03 -2.32814069e-03  2.12616371e-03 -1.93020385e-03
  -3.44552430e-04]
 [-2.42014517e-03  2.01109812e-03 -1.60551599e-03  2.01238204e-03
   2.88416342e-06]
 [ 1.75333040e-04  4.22094042e-04 -2.25870712e-04  2.25059084e-05
  -3.35474982e-04]
 [-1.65274130e-01  1.64043898e-01 -1.64175733e-01  1.64352549e-01
   6.90329515e-04]
 [ 1.64979096e-01 -1.64148949e-01  1.63880956e-01 -1.64457233e-01
  -2.89540778e-04]]
det(P) = 
-0.0002763545110296864 ± 8.75393548470719e-05 ± 8.752928625819677e-05
avg:  -0.0002785987176333447 ± 8.757774543517963e-05
-0.00022676704893892464
-0.0003327949867958585
0.0003275957910759722
0.0003688980125058284
0.000339593889372188
-0.00012528351082978154
-0.0007479858832599984
-0.0004100518584969355
-0.0004478636057620116
-0.0004524807588497321
0.00035157951781187777
0.0006374017567088355
-0.0007611376440960732
-0.00024259803884617808
-0.0015643863673758221
-0.0009887016802276874
0.0006191034371888544
-0.0005553869042373074
-0.00045760941374933383
-0.0005806605994488103
8.524058067628711e-08
0.00014662317416537423
-0.0007331653630311501
-0.00025311956788409126
2.669397003252178e-05
-0.0006872324650760008
1.0152846321829871e-05
-0.0005155831139615337
-0.0003824951764250458
-0.00011127492867832465
-0.0006141369022997776
-0.0005521707817606108
a:  1
P =
[[0.50609594 0.84658578 0.51050031 0.84138344 0.84272781]
 [0.84658578 0.51050031 0.16679469 0.84272781 0.84176109]
 [0.51050031 0.16679469 0.50288969 0.84176109 0.83967672]
 [0.16679469 0.50288969 0.84957109 0.83967672 0.83997031]
 [1.         1.         1.         1.         1.        ]]
Adj(P) =
[[ 4.65458458e-04 -4.60665237e-04  4.51445474e-04 -4.43138781e-04
  -1.13295488e-05]
 [-7.90464894e-04  7.80765000e-04 -7.62931640e-04  7.73946208e-04
  -5.46750748e-07]
 [ 1.70539784e-04 -1.50980579e-04  1.57037252e-04 -1.63152847e-04
  -1.14460191e-05]
 [-1.54116267e-01  1.54902218e-01 -1.54039161e-01  1.53502082e-01
  -1.06691044e-04]
 [ 1.54270733e-01 -1.55071337e-01  1.54193609e-01 -1.53669736e-01
   1.20807670e-04]]
det(P) = 
-9.205692363873777e-06 ± 8.337301015926864e-05 ± 8.337186209426823e-05
avg:  -1.4306674487008588e-05 ± 8.340627959658588e-05
-0.00019793654841754755
-0.0003283758213142173
-0.0007938441218842709
0.000815950006211384
-0.00028427098229504726
-6.626398365800065e-05
0.0003339716672299322
0.0008984253527239587
0.0005416346857883997
0.00031491843317210536
0.00033783864765981063
0.0002706672685130822
0.00023953582796754669
-0.00019648371893974626
-0.0003733670355693322
-0.0006909011271803508
0.00036856029230338585
0.0003446072608062378
-0.0002550706808300604
0.00023103939501093634
0.0005182159433694704
-0.00014513149325663462
-0.00012118270090918304
-0.0006665290424483088
-0.0002813719712016706
-9.98299426935717e-05
-0.0008697793374093679
0.0002453313967218923
-0.0005561902194330421
0.0001251892545687818
3.076681096354078e-05
-0.00014793709915438796
a:  2
P =
[[0.48138188 0.8101525  0.48579813 0.80998375 0.81675969]
 [0.8101525  0.48579813 0.1570875  0.81675969 0.81123672]
 [0.48579813 0.1570875  0.48202109 0.81123672 0.80474859]
 [0.1570875  0.48202109 0.81172547 0.80474859 0.81110031]
 [1.         1.         1.         1.         1.        ]]
Adj(P) =
[[ 2.83311249e-03 -2.77698589e-03  2.71823339e-03 -2.66037622e-03
  -9.08416603e-05]
 [-2.93195176e-03  2.82027648e-03 -2.70431505e-03  2.81767618e-03
  -2.33613508e-06]
 [ 2.73743645e-04 -1.04630308e-04  1.60886194e-04 -2.18663652e-04
  -9.08176087e-05]
 [-1.39785211e-01  1.39808546e-01 -1.39761383e-01  1.39609243e-01
  -1.12253273e-05]
 [ 1.39610306e-01 -1.39747206e-01  1.39586578e-01 -1.39547880e-01
   1.21006843e-04]]
det(P) = 
-7.421388854125716e-05 ± 8.092171648948705e-05 ± 8.090082294009019e-05
avg:  -7.55080709436344e-05 ± 8.088567837059102e-05
-0.0007786797022325849
-0.0002558264307452708
0.0006074360515318895
0.0008020009951482387
9.352778278320884e-06
-0.00033868688113514915
-0.00011323948943751118
0.00024906728772964513
-0.0007475688932606038
-0.0006716430699250384
0.0006701970399810187
-7.702593927802096e-05
-0.0002489331770041466
0.00029861680752585584
0.0003389911041058894
5.5737277135067775e-05
-0.0012239467054457117
-0.00020081782020895127
0.0007085451443296287
-0.00033239809948850486
-0.0004733631722970557
-0.0005171026722053908
-0.001053814236456188
0.0006651274781175463
0.00018531367559415654
0.00039216332572973356
0.00028605900829762476
-0.0006843900739779404
-0.0008119535096229729
-0.0004796842940079556
0.0008361204626484195
0.00048808746037966164
a:  3
P =
[[0.49374687 0.84246375 0.50440797 0.83991906 0.84130641]
 [0.84246375 0.50440797 0.15464656 0.84130641 0.84295813]
 [0.50440797 0.15464656 0.49563453 0.84295813 0.839905  ]
 [0.15464656 0.49563453 0.84561125 0.839905   0.83691484]
 [1.         1.         1.         1.         1.        ]]
Adj(P) =
[[-1.31761825e-04  1.69228121e-04 -2.03341433e-04  2.39969108e-04
  -6.18463745e-05]
 [-1.13658616e-03  1.06073121e-03 -9.81707266e-04  1.06097095e-03
  -1.33627067e-06]
 [ 9.49194101e-04 -8.38539090e-04  8.69283061e-04 -9.10387904e-04
  -5.99077779e-05]
 [-1.62548686e-01  1.62117928e-01 -1.60971659e-01  1.61843537e-01
  -1.53730492e-04]
 [ 1.62867840e-01 -1.62509348e-01  1.61287424e-01 -1.62234089e-01
   2.27029467e-04]]
det(P) = 
-4.979144802852894e-05 ± 8.762504271539432e-05 ± 8.76229827049383e-05
avg:  -4.464536336921555e-05 ± 8.753287223878901e-05
0.00036013523783857645
-0.00035736475668870745
-0.0016009348423500394
-0.0010026539976116498
0.0016721579194115875
-0.00033679200514418953
0.0001335228448366518
0.00022300033007352147
-0.0004407359762955558
-0.0003056978212454033
0.0006303561866793435
0.00038721197109380925
-0.0008175620152101007
0.0006071203985435679
0.0006873126195571435
-0.00018091681495246745
-0.00048127677071039296
-0.0014604037992876188
5.8035158863831245e-05
-5.108072521557934e-05
-0.00014151543592579244
-0.0006915817546361353
0.001864641339903074
-0.0019073158673570299
-0.0018920625396920668
0.001994357651724679
3.275613173831047e-06
-0.0005202337246060232
-9.871002132053351e-05
-0.00021506869193122177
-8.894897098925751e-05
0.0025410776316552508
a:  4
P =
[[0.52467953 0.82698625 0.53611172 0.82522203 0.83040031]
 [0.82698625 0.53611172 0.23066375 0.83040031 0.82931422]
 [0.53611172 0.23066375 0.52147094 0.82931422 0.82195906]
 [0.23066375 0.52147094 0.82910703 0.82195906 0.82527797]
 [1.         1.         1.         1.         1.        ]]
Adj(P) =
[[ 2.12677726e-03 -1.71627269e-03  1.32432037e-03 -9.45040444e-04
  -6.51363225e-04]
 [-2.98862403e-03  2.20086907e-03 -1.42951153e-03  2.21518920e-03
   3.39543308e-06]
 [ 1.26316279e-03 -1.06010389e-04  5.02985738e-04 -8.90838878e-04
  -6.39258839e-04]
 [-1.06001872e-01  1.05900770e-01 -1.05829474e-01  1.04961357e-01
   5.64172704e-04]
 [ 1.05600556e-01 -1.06279356e-01  1.05431679e-01 -1.05340667e-01
   2.60230375e-04]]
det(P) = 
-0.00046282355122336747 ± 5.9134456503030974e-05 ± 5.911721899007905e-05
avg:  -0.00046217269885763117 ± 5.9252338319300304e-05
-8.87728687977751e-05
-4.015793220768317e-05
-0.0005262043735598679
-0.0008509631029419151
5.317510624422831e-05
0.0001561189477179254
-0.0008056994250866593
-0.0004922787213444214
0.00021025425038339237
-0.0005842939536065827
-0.0007701800713965
-0.0007595288488210384
-0.0005897050754735948
-0.0009038989397672664
-0.0004754703720897946
-0.00038406372791721085
-0.0004879270568223505
-0.0011154143914323387
-6.211173416359204e-05
-0.0007742797338724458
8.918897009875583e-05
-0.0004979886038471966
-0.00037051047193222036
-0.0005628565913484377
-0.000448120436464761
-0.00014295029537092228
-0.0007602793005556384
-0.0003275414843582004
-0.0010697543701590304
-0.000655504326210247
2.291213367264576e-05
-0.0007747195620134513
a:  5
P =
[[0.57626203 0.81601281 0.58845625 0.81244891 0.81830703]
 [0.81601281 0.58845625 0.34513641 0.81830703 0.81782422]
 [0.58845625 0.34513641 0.57238453 0.81782422 0.8122375 ]
 [0.34513641 0.57238453 0.81895375 0.8122375  0.81301937]
 [1.         1.         1.         1.         1.        ]]
Adj(P) =
[[ 7.43479777e-04 -7.46944444e-04  7.41391021e-04 -7.34245837e-04
  -2.75497091e-06]
 [-1.26317527e-03  1.26886016e-03 -1.25914760e-03  1.25078385e-03
   1.77603177e-06]
 [ 5.57068710e-04 -5.57432340e-04  5.55117778e-04 -5.51528752e-04
  -2.45548922e-06]
 [-5.19158281e-02  5.22367454e-02 -5.19202790e-02  5.14875112e-02
   7.38651524e-05]
 [ 5.18784549e-02 -5.22012287e-02  5.18829178e-02 -5.14525204e-02
  -7.14015542e-05]]
det(P) = 
-9.708301607602119e-07 ± 2.9776035516067654e-05 ± 2.9763827871937412e-05
avg:  1.9104741223945332e-06 ± 3.012531186182846e-05
0.0006510354817090762
-0.0001487320917765751
-0.000949840922549874
-0.0007070239562121133
0.0007463525916416587
-8.234339091177125e-06
-0.000430665858180263
-0.00028217469984469787
0.0002729990224988583
-0.00011801767315353013
1.033893593174189e-05
0.00019472063934471522
-0.0007475625198748578
0.00024299348038952465
0.00010193685710733577
0.00020894813508829516
-5.1701424902296296e-05
-0.0004700384352031918
0.0008037209557631576
-6.370914330170966e-05
3.677867488867626e-05
-0.0004759764963700539
0.0006415619374257654
-0.00031791505308646295
0.0006254870631760995
-8.093674901949116e-05
0.0007799961922072169
0.0008952971671574248
-0.001037667211340129
0.00023688707995836162
0.00031470555499231646
-0.0008124280234571764
a:  6
P =
[[0.49092328 0.84382859 0.51170063 0.83997234 0.84784031]
 [0.84382859 0.51170063 0.15509969 0.84784031 0.85135391]
 [0.51170063 0.15509969 0.48514313 0.85135391 0.84173125]
 [0.15509969 0.48514313 0.8436725  0.84173125 0.84011359]
 [1.         1.         1.         1.         1.        ]]
Adj(P) =
[[ 2.26577033e-03 -1.79240223e-03  1.35461483e-03 -9.30825693e-04
  -7.53265100e-04]
 [-5.08473634e-03  4.18549825e-03 -3.33718905e-03  4.21116474e-03
   1.88637380e-05]
 [ 3.28120286e-03 -1.98057420e-03  2.44115660e-03 -2.86398446e-03
  -7.44491994e-04]
 [-1.63523339e-01  1.63790360e-01 -1.64040669e-01  1.62434857e-01
   8.12542438e-04]
 [ 1.63061103e-01 -1.64202882e-01  1.63582086e-01 -1.62851211e-01
   6.17114511e-05]]
det(P) = 
-0.0006046394675882792 ± 8.730111096300554e-05 ± 8.72615380842153e-05
avg:  -0.000603668361185168 ± 8.730159994812124e-05
-0.0013304282176546086
5.114311361832569e-05
-0.0012417719402499448
-0.001114500682979518
-0.0006263294692135048
-0.0002940505965943197
-5.758902858318195e-05
0.00011226416384494478
-0.0006813449745351738
-0.00042808084661914134
-0.0012507772381619908
-0.0006329846334799687
-0.0002688494084285122
-0.0007967370156710108
-0.0007528798287506094
-0.0008325937486590783
-0.0003623736657497388
-0.0006517742401983097
0.00022896361038787015
-0.0010042489205310762
-0.002085669390995249
-0.0006283087952464141
-0.0008524473020809574
-0.00025505203407718896
-9.3751665896666e-05
-5.4677351568436044e-05
-0.00042010906215318727
-0.00029324948471858903
-0.0007937434931100287
-0.0005357121859878718
-0.0009371866589742761
-0.0004325365649079604
a:  7
P =
[[0.48573516 0.84387359 0.51157922 0.83846906 0.85193234]
 [0.84387359 0.51157922 0.15040203 0.85193234 0.85021297]
 [0.51157922 0.15040203 0.48132719 0.85021297 0.83553203]
 [0.15040203 0.48132719 0.84643625 0.83553203 0.83884125]
 [1.         1.         1.         1.         1.        ]]
Adj(P) =
[[ 4.67385447e-03 -4.32446366e-03  3.97509724e-03 -3.62703062e-03
  -5.83910876e-04]
 [-7.39293998e-03  6.73251842e-03 -6.05369499e-03  6.71911951e-03
  -4.00832527e-06]
 [ 3.12608424e-03 -2.12873658e-03  2.48240561e-03 -2.81136028e-03
  -5.69177251e-04]
 [-1.66456842e-01  1.67408884e-01 -1.67253337e-01  1.65703733e-01
   2.23156722e-04]
 [ 1.66049843e-01 -1.67688203e-01  1.66849530e-01 -1.65984462e-01
   4.59047962e-04]]
det(P) = 
-0.00047489176791698084 ± 8.935476803909662e-05 ± 8.925736015538733e-05
avg:  -0.00047702100629790523 ± 8.936347355948766e-05
-0.0004924964555020986
0.0003545305010676827
7.47272811770899e-05
-0.0002943467961219163
0.0004183898405988334
-0.0007173067623134179
-0.0009488350750868325
-0.00044940229866983957
0.00018278079512163006
-0.0003699380235430926
-0.0007828616840874859
-0.0013750880412197169
-0.0003150578155440732
-0.0006204967124059897
-0.00044745832463545944
0.00019234631931421906
-0.0014367139972042157
-0.0004080766795725996
-0.0014416490320946038
-0.000596923764442944
0.0012934085414622223
-0.0009928203890189656
0.00010951946575470094
-0.0007223503528724721
-0.0008589995868432974
0.0009733252637785047
-0.0006939953015391127
-0.0007753723318054567
-0.0008467498862271977
-0.0014902176483025794
-0.00042742364008825173
-0.00135911961066623
a:  8
P =
[[0.50317875 0.81526406 0.50002875 0.81714469 0.81568625]
 [0.81526406 0.50002875 0.18845703 0.81568625 0.81562859]
 [0.50002875 0.18845703 0.50457719 0.81562859 0.81768094]
 [0.18845703 0.50457719 0.81492594 0.81768094 0.82188781]
 [1.         1.         1.         1.         1.        ]]
Adj(P) =
[[ 8.35060745e-04 -4.90941846e-04  1.36719280e-04  2.16070855e-04
  -5.70100112e-04]
 [-1.09872957e-05 -6.81732013e-04  1.39203250e-03 -6.92261974e-04
  -4.27444950e-06]
 [-6.43819603e-06  1.05798512e-03 -7.12002539e-04  3.59621740e-04
  -5.71049187e-04]
 [-1.24896027e-01  1.23591247e-01 -1.24403989e-01  1.23933180e-01
   9.35016015e-04]
 [ 1.24078391e-01 -1.23476558e-01  1.23587239e-01 -1.23816611e-01
  -2.30671158e-04]]
det(P) = 
-0.00044107889097886916 ± 7.090091603205087e-05 ± 7.08988357933882e-05
avg:  -0.0004417588589292725 ± 7.091372005113419e-05
-0.0009255395673408947
-0.0005579517979590391
0.00013129964570435376
-0.00021406670721269702
-0.0014656899546196974
0.00029168320266887614
-0.0008937334490036939
-0.0005113604419071245
-0.00035210306358204684
-0.0005775005683852483
-0.0008273901124016192
-0.0005679565972388129
-0.0006618337473588014
-0.000253011901967907
-0.0008868731676617141
0.0001355374614169315
-0.0006330063184313901
-0.0003752792279753156
-9.639949322130406e-05
-0.0005788548747435473
0.00025223122413154834
-0.00025241274205076397
-0.0005525593153952631
-0.0008038994541003421
-0.0001357387559749604
-0.0006496042289870391
-0.0003649314132568447
-0.00031812416814890537
-0.0007069338377541816
0.00016135997785686528
-0.00018385731736027087
-0.0007617827734758709
a:  9
P =
[[0.49807719 0.84416437 0.50071516 0.84346531 0.85064344]
 [0.84416437 0.50071516 0.15228344 0.85064344 0.84839984]
 [0.50071516 0.15228344 0.49661516 0.84839984 0.84206063]
 [0.15228344 0.49661516 0.84504344 0.84206063 0.84940063]
 [1.         1.         1.         1.         1.        ]]
Adj(P) =
[[ 3.92333473e-03 -3.39085249e-03  2.88874947e-03 -2.37840160e-03
  -8.72846589e-04]
 [-4.27255270e-03  3.23736879e-03 -2.23653141e-03  3.23629371e-03
   2.22208766e-05]
 [ 1.56801298e-03 -5.86001826e-05  5.60611748e-04 -1.06716998e-03
  -8.49717795e-04]
 [-1.68196416e-01  1.66482319e-01 -1.67196705e-01  1.65922012e-01
   1.68710496e-03]
 [ 1.66977621e-01 -1.66270235e-01  1.65983875e-01 -1.65712734e-01
  -6.83671916e-04]]
det(P) = 
-0.0006969104672714356 ± 8.87071673013874e-05 ± 8.867814645226666e-05
avg:  -0.0006958876115573003 ± 8.873615113644998e-05
-0.0004893341175005328
-0.0006461900055193456
-0.0012491472060060828
-0.0007107214244251916
-0.0004336637966588515
-0.0008379952863960597
-0.0013919480249724788
-0.0007762090942002925
-0.0004819341258888757
8.147373355809221e-05
-0.001714487106253013
-0.0007281526015670949
8.896499891541983e-06
-0.0008436918209486865
6.799904551919495e-05
6.059491531619547e-05
-0.0005450319353824921
-0.00039537875372369576
-0.0016312793712336122
-0.0006482206319241882
-0.00039384368126209324
-0.0005341265250454256
-0.00044757954449072066
-8.701558107483452e-05
-0.0007037292661526587
-0.0011429006443667447
-0.0015020309409714636
-0.0007657864258358132
-0.000499888022652151
-0.000833648851138056
-0.0006626941164854323
-0.0013907388620427532